(1, [189], 2.6347815990448) 
(1, [202], 1.5991442203521729) 
(1, [13], 32.141366720199585) 
(1, [207], 2.223740577697754) 
(1, [217], 2.1406803131103516) 
(1, [217], 1.574418544769287) 
(1, [165], 2.224052667617798) 
(1, [22], 18.03181791305542) 
(1, [236], 2.485625743865967) 
(1, [171], 1.5988292694091797) 
(2, [171, 109], 14.869727611541748) 
(2, [49, 107], 10.383195400238037) 
(2, [152, 78], 14.765165328979492) 
(2, [249, 210], 8.546417713165283) 
(2, [213, 83], 24.25485849380493) 
(2, [88, 130], 6.186747312545776) 
(2, [141, 10], 70.91604447364807) 
(2, [10, 233], 5.0048041343688965) 
(2, [213, 246], 7.411316156387329) 
(2, [94, 232], 4.583003759384155) 
(3, [59, 212, 149], 8.334022283554077) 
(3, [224, 64, 248], 9.461307048797607) 
(3, [214, 173, 122], 500) 
(3, [159, 67, 105], 19.00081205368042) 
(3, [209, 53, 188], 27.72511076927185) 
(3, [86, 74, 176], 11.368348836898804) 
(3, [164, 122, 216], 10.580902576446533) 
(3, [233, 41, 125], 12.666885614395142) 
(3, [98, 118, 120], 25.106284856796265) 
(3, [39, 50, 32], 29.00954532623291) 
(4, [12, 85, 110, 112], 11.762076377868652) 
(4, [118, 223, 248, 180], 500) 
(4, [108, 70, 148, 60], 323.12569975852966) 
(4, [205, 170, 140, 121], 500) 
(4, [51, 90, 57, 186], 14.597448825836182) 
(4, [139, 67, 168, 186], 261.87373876571655) 
(4, [223, 202, 183, 17], 500) 
(4, [195, 172, 32, 242], 57.59994316101074) 
(4, [84, 148, 176, 237], 500) 
(4, [43, 118, 191, 203], 433.65684962272644) 
