(1, [102], 35.25016498565674) 
(1, [210], 23.16020894050598) 
(1, [176], 34.32598805427551) 
(1, [213], 29.078633308410645) 
(1, [116], 20.763904571533203) 
(1, [224], 21.411489248275757) 
(1, [248], 23.112351894378662) 
(1, [119], 33.11416697502136) 
(1, [132], 28.688555240631104) 
(1, [57], 47.1745285987854) 
(2, [235, 178], 500) 
(2, [204, 157], 500) 
(2, [226, 103], 500) 
(2, [57, 90], 45.88358521461487) 
(2, [34, 204], 20.094679832458496) 
(2, [27, 174], 31.952304124832153) 
(2, [190, 201], 61.699437856674194) 
(2, [82, 145], 35.06504416465759) 
(2, [62, 81], 46.76340460777283) 
(2, [216, 73], 500) 
(3, [50, 206, 104], 500) 
(3, [33, 69, 97], 65.58485507965088) 
(3, [200, 159, 129], 500) 
(3, [167, 133, 114], 500) 
(3, [222, 154, 110], 500) 
(3, [100, 247, 73], 500) 
(3, [109, 175, 37], 500) 
(3, [232, 169, 227], 500) 
(3, [184, 220, 25], 500) 
(3, [96, 31, 206], 65.50345587730408) 
