(1, [342], 83.97816228866577) 
(1, [319], 93.46322298049927) 
(1, [235], 84.10544514656067) 
(1, [297], 80.48343968391418) 
(1, [40], 146.88793063163757) 
(1, [162], 72.38007855415344) 
(1, [183], 71.9430468082428) 
(1, [295], 82.7379686832428) 
(1, [88], 76.34325885772705) 
(1, [317], 92.28971886634827) 
(2, [96, 90], 233.30233931541443) 
(2, [243, 339], 500) 
(2, [285, 87], 500) 
(2, [345, 262], 500) 
(2, [77, 234], 144.2779505252838) 
(2, [62, 223], 155.59450602531433) 
(2, [290, 292], 500) 
(2, [269, 31], 500) 
(2, [110, 84], 500) 
(2, [159, 98], 500) 
(3, [200, 270, 180], 500) 
(3, [88, 108, 299], 500) 
(3, [210, 141, 21], 500) 
(3, [320, 41, 298], 500) 
(3, [277, 160, 326], 500) 
(3, [106, 132, 205], 500) 
(3, [295, 177, 109], 500) 
(3, [328, 63, 199], 500) 
(3, [284, 220, 133], 500) 
(3, [349, 158, 157], 500) 
(4, [142, 21, 254, 113], 500) 
(4, [206, 137, 198, 208], 500) 
(4, [103, 127, 91, 251], 500) 
(4, [106, 164, 32, 91], 500) 
(4, [313, 212, 142, 227], 500) 
(4, [347, 53, 244, 30], 500) 
(4, [345, 213, 245, 334], 500) 
(4, [122, 146, 205, 294], 500) 
(4, [124, 161, 271, 330], 500) 
(4, [106, 114, 52, 60], 500) 
