(2, [11, 5], None) 
(2, [6, 14], None) 
(2, [11, 14], None) 
(2, [9, 9], None) 
(2, [13, 13], None) 
(2, [10, 14], None) 
(2, [12, 5], None) 
(2, [9, 5], None) 
(2, [12, 14], None) 
(2, [12, 13], None) 
(2, [13, 8], None) 
(2, [5, 11], None) 
(2, [10, 14], None) 
(2, [5, 5], None) 
(2, [10, 8], None) 
(2, [10, 6], None) 
(2, [7, 7], None) 
(2, [14, 6], None) 
(2, [8, 8], None) 
(2, [9, 8], None) 
(3, [12, 7, 13], None) 
(3, [6, 14, 14], None) 
(3, [8, 5, 6], None) 
(3, [13, 5, 6], None) 
(3, [10, 12, 6], None) 
(3, [9, 9, 6], None) 
(3, [9, 11, 10], None) 
(3, [9, 8, 14], None) 
(3, [12, 14, 13], None) 
(3, [10, 11, 13], None) 
(3, [5, 10, 5], None) 
(3, [10, 8, 13], None) 
(3, [11, 9, 10], None) 
(3, [6, 6, 9], None) 
(3, [10, 6, 13], None) 
(3, [8, 13, 8], None) 
(3, [7, 7, 13], None) 
(3, [6, 12, 10], None) 
(3, [12, 12, 11], None) 
(3, [5, 8, 8], None) 
(4, [12, 13, 7, 13], None) 
(4, [6, 7, 8, 5], None) 
(4, [13, 8, 12, 6], None) 
(4, [11, 11, 14, 14], None) 
(4, [7, 10, 12, 6], None) 
(4, [5, 10, 7, 13], None) 
(4, [5, 10, 11, 7], None) 
(4, [6, 6, 11, 9], None) 
(4, [6, 14, 9, 10], None) 
(4, [11, 7, 9, 13], None) 
(4, [14, 9, 11, 8], None) 
(4, [14, 7, 10, 12], None) 
(4, [10, 5, 14, 12], None) 
(4, [11, 5, 10, 8], None) 
(4, [5, 10, 5, 12], None) 
(4, [13, 8, 14, 14], None) 
(4, [12, 8, 7, 14], None) 
(4, [5, 5, 5, 10], None) 
(4, [12, 12, 13, 5], None) 
(4, [12, 8, 14, 10], None) 
